[]
NO GPU
0
Total jobs: 1
{'rotation': 0}
(<tf.Tensor: shape=(10, 265, 442, 1), dtype=float32, numpy=
array([[[[7.6857553],
         [7.6857557],
         [7.6814613],
         ...,
         [7.693759 ],
         [7.6933208],
         [7.693321 ]],

        [[7.6857557],
         [7.6857557],
         [7.681462 ],
         ...,
         [7.693759 ],
         [7.6933208],
         [7.6930676]],

        [[7.6924577],
         [7.6924577],
         [7.687008 ],
         ...,
         [7.693786 ],
         [7.693313 ],
         [7.6930075]],

        ...,

        [[7.84515  ],
         [7.8451514],
         [7.8451724],
         ...,
         [7.9186463],
         [7.919498 ],
         [7.9194984]],

        [[7.8446236],
         [7.8446236],
         [7.844661 ],
         ...,
         [7.9236693],
         [7.9230204],
         [7.9230204]],

        [[7.84399  ],
         [7.8440437],
         [7.8440924],
         ...,
         [7.923669 ],
         [7.923021 ],
         [7.9230204]]],


       [[[7.763837 ],
         [7.7638364],
         [7.7644787],
         ...,
         [7.6774187],
         [7.6764827],
         [7.676483 ]],

        [[7.7638364],
         [7.763835 ],
         [7.7644773],
         ...,
         [7.6774187],
         [7.6764827],
         [7.675626 ]],

        [[7.763754 ],
         [7.763748 ],
         [7.7641745],
         ...,
         [7.678143 ],
         [7.6769156],
         [7.6759014]],

        ...,

        [[7.7944   ],
         [7.7943997],
         [7.7938833],
         ...,
         [7.796885 ],
         [7.793529 ],
         [7.791895 ]],

        [[7.7953353],
         [7.795336 ],
         [7.795782 ],
         ...,
         [7.7989297],
         [7.7957544],
         [7.793757 ]],

        [[7.7953362],
         [7.7953377],
         [7.7957897],
         ...,
         [7.798932 ],
         [7.7957597],
         [7.7957573]]],


       [[[7.6610556],
         [7.6610556],
         [7.660957 ],
         ...,
         [7.6562424],
         [7.65626  ],
         [7.6562757]],

        [[7.6610556],
         [7.661055 ],
         [7.660957 ],
         ...,
         [7.656484 ],
         [7.655747 ],
         [7.6550694]],

        [[7.658828 ],
         [7.658826 ],
         [7.66018  ],
         ...,
         [7.6555023],
         [7.654612 ],
         [7.653867 ]],

        ...,

        [[7.7881107],
         [7.788111 ],
         [7.7884655],
         ...,
         [7.762213 ],
         [7.7624216],
         [7.7627573]],

        [[7.787998 ],
         [7.7879987],
         [7.7883196],
         ...,
         [7.7623196],
         [7.7625036],
         [7.7627807]],

        [[7.7876253],
         [7.7878933],
         [7.78817  ],
         ...,
         [7.762649 ],
         [7.7625046],
         [7.7625046]]],


       ...,


       [[[7.459252 ],
         [7.458679 ],
         [7.4580994],
         ...,
         [7.518919 ],
         [7.5196624],
         [7.519662 ]],

        [[7.5658717],
         [7.5658703],
         [7.5691996],
         ...,
         [7.5189185],
         [7.519661 ],
         [7.520465 ]],

        [[7.555973 ],
         [7.555973 ],
         [7.556037 ],
         ...,
         [7.518035 ],
         [7.518769 ],
         [7.5195417]],

        ...,

        [[7.527822 ],
         [7.527329 ],
         [7.5269403],
         ...,
         [7.8674345],
         [7.873863 ],
         [7.873865 ]],

        [[7.5279536],
         [7.5274625],
         [7.5270033],
         ...,
         [7.93379  ],
         [7.9397125],
         [7.939721 ]],

        [[7.5274615],
         [7.527462 ],
         [7.5270023],
         ...,
         [7.978083 ],
         [7.9811735],
         [7.9838314]]],


       [[[7.7959633],
         [7.7959614],
         [7.7970104],
         ...,
         [7.565804 ],
         [7.567454 ],
         [7.5690703]],

        [[7.7959623],
         [7.7959623],
         [7.7970104],
         ...,
         [7.56462  ],
         [7.566268 ],
         [7.568673 ]],

        [[7.7977414],
         [7.7977414],
         [7.7964716],
         ...,
         [7.5645494],
         [7.56614  ],
         [7.568404 ]],

        ...,

        [[7.7345457],
         [7.7420177],
         [7.751504 ],
         ...,
         [8.090333 ],
         [8.115221 ],
         [8.115305 ]],

        [[7.7337446],
         [7.7398458],
         [7.7479157],
         ...,
         [8.049629 ],
         [8.12488  ],
         [8.124952 ]],

        [[7.739834 ],
         [7.739836 ],
         [7.7479057],
         ...,
         [8.049631 ],
         [8.124878 ],
         [8.124878 ]]],


       [[[7.7003403],
         [7.700338 ],
         [7.7029457],
         ...,
         [7.698105 ],
         [7.6975565],
         [7.697001 ]],

        [[7.700338 ],
         [7.700341 ],
         [7.7029486],
         ...,
         [7.6971703],
         [7.696229 ],
         [7.694629 ]],

        [[7.707066 ],
         [7.707069 ],
         [7.7087555],
         ...,
         [7.6963363],
         [7.6947513],
         [7.692268 ]],

        ...,

        [[7.770581 ],
         [7.7710733],
         [7.771571 ],
         ...,
         [7.8233604],
         [7.8238373],
         [7.8238354]],

        [[7.7715626],
         [7.7720404],
         [7.772511 ],
         ...,
         [7.824191 ],
         [7.8248935],
         [7.8248916]],

        [[7.7725344],
         [7.7729087],
         [7.7732916],
         ...,
         [7.826493 ],
         [7.8272038],
         [7.8279266]]]], dtype=float32)>, <tf.Tensor: shape=(10, 265, 442), dtype=float32, numpy=
array([[[0., 0., 0., ..., 0., 0., 0.],
        [0., 0., 0., ..., 0., 0., 0.],
        [0., 0., 0., ..., 0., 0., 0.],
        ...,
        [0., 0., 0., ..., 0., 0., 0.],
        [0., 0., 0., ..., 0., 0., 0.],
        [0., 0., 0., ..., 0., 0., 0.]],

       [[0., 0., 0., ..., 0., 0., 0.],
        [0., 0., 0., ..., 0., 0., 0.],
        [0., 0., 0., ..., 0., 0., 0.],
        ...,
        [0., 0., 0., ..., 0., 0., 0.],
        [0., 0., 0., ..., 0., 0., 0.],
        [0., 0., 0., ..., 0., 0., 0.]],

       [[0., 0., 0., ..., 0., 0., 0.],
        [0., 0., 0., ..., 0., 0., 0.],
        [0., 0., 0., ..., 0., 0., 0.],
        ...,
        [0., 0., 0., ..., 0., 0., 0.],
        [0., 0., 0., ..., 0., 0., 0.],
        [0., 0., 0., ..., 0., 0., 0.]],

       ...,

       [[0., 0., 0., ..., 0., 0., 0.],
        [0., 0., 0., ..., 0., 0., 0.],
        [0., 0., 0., ..., 0., 0., 0.],
        ...,
        [0., 0., 0., ..., 0., 0., 0.],
        [0., 0., 0., ..., 0., 0., 0.],
        [0., 0., 0., ..., 0., 0., 0.]],

       [[0., 0., 0., ..., 0., 0., 0.],
        [0., 0., 0., ..., 0., 0., 0.],
        [0., 0., 0., ..., 0., 0., 0.],
        ...,
        [0., 0., 0., ..., 0., 0., 0.],
        [0., 0., 0., ..., 0., 0., 0.],
        [0., 0., 0., ..., 0., 0., 0.]],

       [[0., 0., 0., ..., 0., 0., 0.],
        [0., 0., 0., ..., 0., 0., 0.],
        [0., 0., 0., ..., 0., 0., 0.],
        ...,
        [0., 0., 0., ..., 0., 0., 0.],
        [0., 0., 0., ..., 0., 0., 0.],
        [0., 0., 0., ..., 0., 0., 0.]]], dtype=float32)>)
Data Loaded
